0 0 0 0.7854 0 1.4142 0.7854 0 7.0711 0.7854 0
0.05 0.05 0 0.7854 0 1.3435 0.7854 0 7.0004 0.7854 0
0.1 0.1 0 0.7854 0 1.2728 0.7854 0 6.9296 0.7854 0
0.15 0.15 0 0.7854 0 1.2021 0.7854 0 6.8589 0.7854 0
0.2 0.2 0 0.7854 0 1.1314 0.7854 0 6.7882 0.7854 0
0.25 0.25 0 0.7854 0 1.0607 0.7854 0 6.7175 0.7854 0
0.3 0.3 0 0.7854 0 0.98995 0.7854 0 6.6468 0.7854 0
0.35 0.35 0 0.7854 0 0.91924 0.7854 0 6.5761 0.7854 0
0.4 0.4 0 0.7854 0 0.84853 0.7854 0 6.5054 0.7854 0
0.45 0.45 0 0.7854 0 0.77782 0.7854 0 6.4347 0.7854 0
0.5 0.5 0 0.7854 0 0.70711 0.7854 0 6.364 0.7854 0
0.55 0.55 0 0.7854 0 0.6364 0.7854 0 6.2933 0.7854 0
0.6 0.6 0 0.7854 0 0.56569 0.7854 0 6.2225 0.7854 0
0.65 0.65 0 0.7854 0 0.49497 0.7854 0 6.1518 0.7854 0
0.7 0.7 0 0.7854 0 0.42426 0.7854 0 6.0811 0.7854 0
0.75 0.75 0 0.7854 0 0.35355 0.7854 0 6.0104 0.7854 0
0.8 0.8 0 0.7854 0 0.28284 0.7854 0 5.9397 0.7854 0
0.85 0.85 0 0.7854 0 0.21213 0.7854 0 5.869 0.7854 0
0.9 0.9 0 0.7854 0 0.14142 0.7854 0 5.7983 0.7854 0
0.95 0.95 0 0.7854 0 0.070711 0.7854 0 5.7276 0.7854 0
1 1 0 0.7854 0 0 0 0 5.6569 0.7854 0
1.05 1.05 0 0.7854 0 0.070711 -2.3562 0 5.5861 0.7854 0
1.1 1.1 0 0.7854 0 0.14142 -2.3562 0 5.5154 0.7854 0
1.15 1.15 0 0.7854 0 0.21213 -2.3562 0 5.4447 0.7854 0
1.2 1.2 0 0.7854 0 0.28284 -2.3562 0 5.374 0.7854 0
1.25 1.25 0 0.7854 0 0.35355 -2.3562 0 5.3033 0.7854 0
1.3 1.3 0 0.7854 0 0.42426 -2.3562 0 5.2326 0.7854 0
1.35 1.35 0 0.7854 0 0.49497 -2.3562 0 5.1619 0.7854 0
1.4 1.4 0 0.7854 0 0.56569 -2.3562 0 5.0912 0.7854 0
1.45 1.45 0 0.7854 0 0.6364 -2.3562 0 5.0205 0.7854 0
1.5 1.5 0 0.7854 0 0.70711 -2.3562 0 4.9497 0.7854 0
1.55 1.55 0 0.7854 0 0.77782 -2.3562 0 4.879 0.7854 0
1.6 1.6 0 0.7854 0 0.84853 -2.3562 0 4.8083 0.7854 0
1.65 1.65 0 0.7854 0 0.91924 -2.3562 0 4.7376 0.7854 0
1.7 1.7 0 0.7854 0 0.98995 -2.3562 0 4.6669 0.7854 0
1.75 1.75 0 0.7854 0 1.0607 -2.3562 0 4.5962 0.7854 0
1.8 1.8 0 0.7854 0 1.1314 -2.3562 0 4.5255 0.7854 0
1.85 1.85 0 0.7854 0 1.2021 -2.3562 0 4.4548 0.7854 0
1.9 1.9 0 0.7854 0 1.2728 -2.3562 0 4.3841 0.7854 0
1.95 1.95 0 0.7854 0 1.3435 -2.3562 0 4.3134 0.7854 0
2 2 0 0.7854 0 1.4142 -2.3562 0 4.2426 0.7854 0
2.05 2.05 0 0.7854 0 1.4849 -2.3562 0 4.1719 0.7854 0
2.1 2.1 0 0.7854 0 1.5556 -2.3562 0 4.1012 0.7854 0
2.15 2.15 0 0.7854 0 1.6263 -2.3562 0 4.0305 0.7854 0
2.2 2.2 0 0.7854 0 1.6971 -2.3562 0 3.9598 0.7854 0
2.25 2.25 0 0.7854 0 1.7678 -2.3562 0 3.8891 0.7854 0
2.3 2.3 0 0.7854 0 1.8385 -2.3562 0 3.8184 0.7854 0
2.35 2.35 0 0.7854 0 1.9092 -2.3562 0 3.7477 0.7854 0
2.4 2.4 0 0.7854 0 1.9799 -2.3562 0 3.677 0.7854 0
2.45 2.45 0 0.7854 0 2.0506 -2.3562 0 3.6062 0.7854 0
2.5 2.5 0 0.7854 0 2.1213 -2.3562 0 3.5355 0.7854 0
2.55 2.55 0 0.7854 0 2.192 -2.3562 0 3.4648 0.7854 0
2.6 2.6 0 0.7854 0 2.2627 -2.3562 0 3.3941 0.7854 0
2.65 2.65 0 0.7854 0 2.3335 -2.3562 0 3.3234 0.7854 0
2.7 2.7 0 0.7854 0 2.4042 -2.3562 0 3.2527 0.7854 0
2.75 2.75 0 0.7854 0 2.4749 -2.3562 0 3.182 0.7854 0
2.8 2.8 0 0.7854 0 2.5456 -2.3562 0 3.1113 0.7854 0
2.85 2.85 0 0.7854 0 2.6163 -2.3562 0 3.0406 0.7854 0
2.9 2.9 0 0.7854 0 2.687 -2.3562 0 2.9698 0.7854 0
2.95 2.95 0 0.7854 0 2.7577 -2.3562 0 2.8991 0.7854 0
3 3 0 0.7854 0 2.8284 -2.3562 0 2.8284 0.7854 0
3.05 3.05 0 0.7854 0 2.8991 -2.3562 0 2.7577 0.7854 0
3.1 3.1 0 0.7854 0 2.9698 -2.3562 0 2.687 0.7854 0
3.15 3.15 0 0.7854 0 3.0406 -2.3562 0 2.6163 0.7854 0
3.2 3.2 0 0.7854 0 3.1113 -2.3562 0 2.5456 0.7854 0
3.25 3.25 0 0.7854 0 3.182 -2.3562 0 2.4749 0.7854 0
3.3 3.3 0 0.7854 0 3.2527 -2.3562 0 2.4042 0.7854 0
3.35 3.35 0 0.7854 0 3.3234 -2.3562 0 2.3335 0.7854 0
3.4 3.4 0 0.7854 0 3.3941 -2.3562 0 2.2627 0.7854 0
3.45 3.45 0 0.7854 0 3.4648 -2.3562 0 2.192 0.7854 0
3.5 3.5 0 0.7854 0 3.5355 -2.3562 0 2.1213 0.7854 0
3.55 3.55 0 0.7854 0 3.6062 -2.3562 0 2.0506 0.7854 0
3.6 3.6 0 0.7854 0 3.677 -2.3562 0 1.9799 0.7854 0
3.65 3.65 0 0.7854 0 3.7477 -2.3562 0 1.9092 0.7854 0
3.7 3.7 0 0.7854 0 3.8184 -2.3562 0 1.8385 0.7854 0
3.75 3.75 0 0.7854 0 3.8891 -2.3562 0 1.7678 0.7854 0
3.8 3.8 0 0.7854 0 3.9598 -2.3562 0 1.6971 0.7854 0
3.85 3.85 0 0.7854 0 4.0305 -2.3562 0 1.6263 0.7854 0
3.9 3.9 0 0.7854 0 4.1012 -2.3562 0 1.5556 0.7854 0
3.95 3.95 0 0.7854 0 4.1719 -2.3562 0 1.4849 0.7854 0
4 4 0 0.7854 0 4.2426 -2.3562 0 1.4142 0.7854 0
4.05 4.05 0 0.7854 0 4.3134 -2.3562 0 1.3435 0.7854 0
4.1 4.1 0 0.7854 0 4.3841 -2.3562 0 1.2728 0.7854 0
4.15 4.15 0 0.7854 0 4.4548 -2.3562 0 1.2021 0.7854 0
4.2 4.2 0 0.7854 0 4.5255 -2.3562 0 1.1314 0.7854 0
4.25 4.25 0 0.7854 0 4.5962 -2.3562 0 1.0607 0.7854 0
4.3 4.3 0 0.7854 0 4.6669 -2.3562 0 0.98995 0.7854 0
4.35 4.35 0 0.7854 0 4.7376 -2.3562 0 0.91924 0.7854 0
4.4 4.4 0 0.7854 0 4.8083 -2.3562 0 0.84853 0.7854 0
4.45 4.45 0 0.7854 0 4.879 -2.3562 0 0.77782 0.7854 0
4.5 4.5 0 0.7854 0 4.9497 -2.3562 0 0.70711 0.7854 0
4.55 4.55 0 0.7854 0 5.0205 -2.3562 0 0.6364 0.7854 0
4.6 4.6 0 0.7854 0 5.0912 -2.3562 0 0.56569 0.7854 0
4.65 4.65 0 0.7854 0 5.1619 -2.3562 0 0.49497 0.7854 0
4.7 4.7 0 0.7854 0 5.2326 -2.3562 0 0.42426 0.7854 0
4.75 4.75 0 0.7854 0 5.3033 -2.3562 0 0.35355 0.7854 0
4.8 4.8 0 0.7854 0 5.374 -2.3562 0 0.28284 0.7854 0
4.85 4.85 0 0.7854 0 5.4447 -2.3562 0 0.21213 0.7854 0
4.9 4.9 0 0.7854 0 5.5154 -2.3562 0 0.14142 0.7854 0
4.95 4.95 0 0.7854 0 5.5861 -2.3562 0 0.070711 0.7854 0
